6.415192604064941
7.09964394569397
7.8086183071136475
8.4801504611969
9.175370454788208
9.844805240631104
10.505983352661133
11.210531234741211
11.881376266479492
12.593099594116211
13.263787269592285
13.938783407211304
14.605649948120117
15.269640684127808
15.961927890777588
16.6230571269989
17.303654432296753
17.98200511932373
18.640519380569458
19.32663631439209
20.023409366607666
20.716408729553223
21.385387897491455
22.056050539016724
22.743000984191895
23.399303674697876
24.058248281478882
24.74019193649292
25.403330087661743
26.099238395690918
26.75646424293518
27.405593633651733
28.11948561668396
28.83439826965332
29.667245626449585
30.447062492370605
31.212013006210327
31.99876594543457
32.823906660079956
33.52250933647156
34.27180194854736
35.006022930145264
35.7335946559906
36.57360792160034
37.28852915763855
38.03387451171875
38.796637296676636
39.615368366241455
40.39874505996704
41.17914581298828
41.995434045791626
42.744436502456665
43.5821647644043
44.3339478969574
45.12318992614746
45.84670329093933
46.709625005722046
47.46694207191467
48.252630949020386
49.09309244155884
49.867584228515625
50.61522030830383
51.36742830276489
52.18387174606323
52.982868671417236
53.739108085632324
54.54101920127869
55.38125205039978
56.185654401779175
56.99497961997986
57.78877639770508
58.55959177017212
59.216768980026245
59.91259026527405
60.572097063064575
61.248247385025024
61.918874979019165
62.59404754638672
63.29460406303406
63.9605872631073
64.65381026268005
65.3237030506134
65.9868438243866
66.68979001045227
67.34983491897583
68.0407600402832
68.69849276542664
69.3674144744873
70.06160497665405
70.71609616279602
71.40177798271179
72.06176686286926
72.72241234779358
73.41710209846497
74.08619332313538
74.7670783996582
75.43039226531982
76.09177541732788
76.78383660316467
77.44374513626099
78.14044117927551
78.8075602054596
79.47797989845276
80.17089080810547
80.82800388336182
81.51980757713318
82.17703413963318
82.8500108718872
83.55002093315125
84.21035766601562
84.90536618232727
85.56813907623291
86.23972654342651
